31341.085641
31398.913591
30996.473138
31336.109380
31398.488251
31116.780317
31340.499802
31398.831890
30996.241974
31336.018599
31398.916763
31117.004418
31340.292756
31398.621894
30995.799877
31336.347028
31398.577338
31117.146315
31340.742678
31398.475664
30995.992364
31336.232860
31398.795849
31116.781599
17467.924152
17521.081066
17341.139722
17465.671491
17520.859140
17408.941815
31340.663644
31398.612489
30995.431651
31335.906131
31398.438313
31116.766409
31159.292701
31216.599313
30814.635782
31154.271704
31216.523301
30935.142625
31334.150285
31391.960519
30989.289812
31329.323360
31392.645996
31110.344365
31390.718735
31390.501843
31391.266880
31391.197313
17521.788736
31391.275694
31216.531243
31391.109577
31399.299692
31399.122162
31399.152209
31398.844490
17521.086166
31398.497274
31216.739520
31392.264820
31399.269257
31399.362568
31398.645759
31398.863972
17521.112492
31399.028395
31217.020201
31392.307140
-0.475907
-0.020286
0.334854
0.243660
-0.243714
-0.170848
-0.178412
0.048885
-155.038163
-155.166527
-155.457373
0.013963
-155.199557
-155.367910
-155.096722
0.257901
