0.169809
-0.378014
-0.255690
-0.233052
0.195919
-0.244877
397.140140
401.414533
396.109988
397.359392
400.890373
398.888489
397.224308
401.328546
396.290432
396.697550
400.642381
397.991809
94.266412
97.002028
93.075182
93.438685
97.172291
95.293751
396.502509
400.873164
395.583514
395.972862
400.496410
397.501385
396.532106
401.236171
395.787277
396.595099
400.725800
397.868979
-0.260477
-0.222904
-0.375309
0.077776
-0.042976
-0.000468
42.495057
44.066011
41.785451
42.548262
44.639314
43.284101
-0.434903
325.529599
325.659306
96.699858
326.212738
326.110698
-0.270583
44.811019
0.308904
401.579694
401.515888
97.596362
400.836289
401.437581
-0.340893
44.074762
-0.486711
-0.034645
-0.091728
0.214396
0.155457
-0.114918
-0.098158
0.286523
0.065439
-0.430763
-0.396185
0.225897
0.343261
-0.220417
0.094512
-0.296317
-229.842827
-274.400536
0.270541
0.397307
-230.157237
-274.144727
0.342600
-0.187508
70848
-0.178412
0.048885
-2425.320163
-2425.448527
-2425.739373
0.013963
-2425.480557
-2425.648910
-2425.377722
0.257901
.515910
-2097.244722
0.257901
22
0.257901
7901


7901


7901


1


