-0.468692
-0.628733
0.000559
-0.125463
-0.093876
-0.501139
30.795736
31.158023
2.489071
30.984824
30.419007
-7.428025
-0.418344
-0.141062
-0.158899
-0.082588
-0.491950
-0.085380
27.179930
27.145378
3.795365
27.707815
27.425383
-11.084229
26.457920
26.885789
3.426451
26.526366
26.403538
-10.082888
30.655353
31.342008
2.318084
30.237860
30.491933
-6.924655
36.356181
37.180576
-1.676433
37.246472
36.846577
3.185473
25.137018
25.488520
4.078071
25.345811
25.466867
-11.858234
0.429356
26.673915
-0.192999
24.538646
25.300961
27.060560
32.975993
23.803343
-0.032519
29.642611
0.480158
27.431733
27.139178
30.692801
36.390764
26.276700
-0.193470
30.984940
0.472033
27.542584
26.291113
31.207218
37.377769
26.141237
0.123708
29.777571
0.157285
27.427310
26.689509
30.394148
37.030940
26.068078
-161.490248
-181.161521
-182.146049
-181.130893
-161.582294
-180.885749
-182.121036
-181.347967
