9434.667641
9452.634591
8947.841138
9432.610380
9452.209251
9059.822317
9434.081802
9452.552890
8947.609974
9432.519599
9452.637763
9060.046418
9433.874756
9452.342894
8947.167877
9432.848028
9452.298338
9060.188315
9434.324678
9452.196664
8947.360364
9432.733860
9452.516849
9059.823599
167.006152
177.146066
-105.148278
167.283491
176.924140
59.305815
9434.245644
9452.333489
8946.799651
9432.407131
9452.159313
9059.808409
9252.874701
9270.320313
8766.003782
9250.772704
9270.244301
8878.184625
9427.732285
9445.681519
8940.657812
9425.824360
9446.366996
9053.386365
9444.439735
9444.222843
9444.987880
9444.918313
177.853736
9444.996694
9270.252243
9444.830577
9453.020692
9452.843162
9452.873209
9452.565490
177.151166
9452.218274
9270.460520
9445.985820
9452.990257
9453.083568
9452.366759
9452.584972
177.177492
9452.749395
9270.741201
9446.028140
-0.475907
-0.020286
0.334854
0.243660
-0.243714
-0.170848
-0.178412
0.048885
-2482.102163
-2482.230527
-2482.521373
0.013963
-2482.263557
-2482.431910
-2482.160722
0.257901
515910
-2097.244722
0.257901
22
0.257901
7901


7901


7901


1


