0.442563
0.369281
-0.294001
-0.319583
0.108478
0.068640
-0.363253
-0.176877
-0.396843
0.053973
0.117217
0.446953
-0.321770
-0.366648
0.474028
0.102426
-0.295024
0.174629
0.170461
-0.441467
0.113200
-0.134794
-0.038025
0.365449
-0.360888
0.101679
0.089555
0.441642
0.365645
0.418324
-0.014242
-0.478243
0.241480
0.392268
0.239148
-0.218255
-0.286260
0.203114
0.073908
-0.245892
-0.266454
0.472471
0.230189
-0.034922
0.407970
-0.279673
-0.033704
0.140445
0.233564
-0.444067
0.461585
-0.342929
-0.460553
-0.202271
-0.450599
0.478618
-0.263392
0.256626
-0.423357
-0.328268
0.290925
-0.239579
-0.081112
-0.391896
-0.154179
-0.161005
0.433860
-0.006869
0.172253
-0.277696
0.386727
0.128584
-0.454482
0.421776
-0.324588
0.333259
0.139444
0.223972
0.414248
-0.480382
-0.295154
-0.423962
0.358576
0.297131
0.249076
-0.001045
-0.325511
-0.051057
