9447.087641
9464.673591
8960.039138
9444.956380
9464.248251
9072.111317
9446.501802
9464.591890
8959.807974
9444.865599
9464.676763
9072.335418
9446.294756
9464.381894
8959.365877
9445.194028
9464.337338
9072.477315
9446.744678
9464.235664
8959.558364
9445.079860
9464.555849
9072.112599
173.411152
183.265066
-98.870278
173.678491
183.043140
66.020815
9446.665644
9464.372489
8958.997651
9444.753131
9464.198313
9072.097409
9265.294701
9282.359313
8778.201782
9263.118704
9282.283301
8890.473625
9440.152285
9457.720519
8952.855812
9438.170360
9458.405996
9065.675365
9456.478735
9456.261843
9457.026880
9456.957313
183.972736
9457.035694
9282.291243
9456.869577
9465.059692
9464.882162
9464.912209
9464.604490
183.270166
9464.257274
9282.499520
9458.024820
9465.029257
9465.122568
9464.405759
9464.623972
183.296492
9464.788395
9282.780201
9458.067140
-0.475907
-0.020286
0.334854
0.243660
-0.243714
-0.170848
-0.178412
0.048885
-2478.861163
-2478.989527
-2479.280373
0.013963
-2479.021557
-2479.189910
-2478.918722
0.257901

515910
-2097.244722
0.257901
22
0.257901
7901


7901


7901


1


