15215.253308
15213.376452
14969.368190
15213.446767
15212.947226
15024.554286
15214.665277
15213.294660
14969.137024
15213.353779
15213.375655
15024.778385
15214.467846
15213.085061
14968.694936
15213.691886
15213.036597
15024.920290
15214.915265
15212.938728
14968.887420
15213.575198
15213.255012
15024.555572
1344.355655
1336.087011
1314.045899
1345.295200
1335.821638
1316.726164
15214.834891
15213.075497
14968.326706
15213.247120
15212.897424
15024.540381
15033.524397
15031.064726
14787.530887
15031.673566
15030.984634
14842.916642
15208.360054
15206.425161
14962.184901
15206.703126
15207.106617
15018.118368
15215.730718
15215.513826
15216.278863
15216.209296
1346.800540
15216.287677
15041.543226
15216.121560
15224.055631
15223.878101
15223.908148
15223.600429
1345.841472
15223.253213
15041.495458
15217.020759
15223.919272
15224.012583
15223.295774
15223.513987
1345.762666
15223.678410
15041.670217
15216.957155
-0.475907
-0.020286
0.334854
0.243660
-0.243714
-0.170848
-0.178412
0.048885
0.181837
0.053473
-0.237373
0.013963
3963
