0.447589
-0.298078
-0.492565
-0.103777
0.174760
-0.321404
0.218510
0.410643
0.109246
0.087606
-0.106346
0.256601
0.373335
0.235515
-0.439231
-0.044393
0.096788
0.115053
-0.339250
0.130380
-0.111657
0.153070
-0.346890
0.075993
-0.405462
-0.336941
0.198867
0.115746
-0.408298
0.148029
0.329841
0.105313
-0.044654
0.254356
-0.317899
-0.194753
-0.423627
0.507062
0.004042
0.436899
-0.278657
0.204733
0.232665
-0.019843
-0.079612
-0.316056
0.096334
0.155687
-0.351340
-0.256693
0.215399
0.063153
-0.240749
0.183840
-0.420365
-0.018399
-0.439516
-0.308370
0.323214
-0.054076
0.084539
-0.121978
0.228278
0.117611
-0.497140
-0.365147
-0.338912
-0.129051
-0.138732
-0.039887
-0.038656
0.081683
-0.343502
0.245410
-0.173506
-0.495694
-0.200497
0.366600
-0.030577
-0.199017
0.214620
-0.293995
-0.138558
-0.000271
