31339.105642
31396.805592
30994.457138
31334.141380
31396.380252
31114.694317
31338.519803
31396.723891
30994.225974
31334.050599
31396.808764
31114.918418
31338.312757
31396.513895
30993.783877
31334.379028
31396.469339
31115.060315
31338.762679
31396.367665
30993.976364
31334.264860
31396.687850
31114.695599
17465.944153
17518.973067
17339.123722
17463.703492
17518.751142
17406.855815
31338.683645
31396.504490
30993.415651
31333.938131
31396.330314
31114.680409
31157.312702
31214.491314
30812.619782
31152.303704
31214.415302
30933.056625
31332.170286
31389.852520
30987.273812
31327.355360
31390.537997
31108.258365
31388.610735
31388.393843
31389.158880
31389.089313
17519.680736
31389.167694
31214.423243
31389.001577
31397.191692
31397.014162
31397.044209
31396.736490
17518.978166
31396.389274
31214.631520
31390.156820
31397.161257
31397.254568
31396.537759
31396.755972
17519.004492
31396.920395
31214.912201
31390.199140
-0.475907
-0.020286
0.334854
0.243660
-0.243714
-0.170848
-0.178412
0.048885
-153.984163
-154.112527
-154.403373
0.013963
