0.360356
0.042864
-0.330696
0.045737
-0.380002
-0.097399
-0.153050
-0.409830
-0.204546
-0.373292
0.495948
-0.066147
-0.427642
-0.087404
-0.218368
0.232900
-0.382659
0.258436
-0.186081
0.467161
-0.049353
-0.250005
-0.065852
0.420438
-0.199986
-0.238273
0.430754
0.032220
0.373117
0.219287
-0.287730
0.319470
0.153793
-0.339881
0.427386
-0.218727
0.183780
-0.465222
0.263069
0.088087
0.403927
0.046449
0.249651
-0.418298
-0.390094
-0.349389
-0.039183
-0.325154
-0.196813
0.087830
0.103857
0.415888
0.152166
-0.084341
0.247417
0.379749
-0.236001
-0.095939
0.254619
0.195883
0.039159
0.011596
-0.455525
-0.399178
0.295745
0.461920
-0.215810
-0.054172
-0.101030
-0.406389
-0.176184
0.455168
0.043746
0.338471
-0.160556
0.080301
-0.165227
0.337770
0.229204
-0.463010
0.261287
-0.442261
0.229177
-0.192151
5041.495458
15217.020759
15223.919272
15224.012583
15223.295774
15223.513987
1345.762666
15223.678410
15041.670217
15216.957155
-0.475907
-0.020286
0.334854
0.243660
-0.243714
-0.170848
-0.178412
0.048885
0.181837
0.053473
-0.237373
0.013963
3963
