-0.070928
-0.244723
0.397862
-0.201553
0.105777
-0.085847
-0.400313
-0.164513
-0.087828
0.198779
-0.356062
-0.326847
0.247435
0.216802
-0.017310
-0.049241
0.115764
0.121440
0.132533
-0.249990
-0.010361
0.377814
-0.288722
-0.134963
0.441059
0.362789
0.177972
0.061390
0.140490
0.272297
0.180047
-0.550494
-0.404541
0.370965
0.098436
0.035462
0.411787
-0.000985
-0.440547
-0.231618
-0.386154
0.047892
-0.340702
-0.036003
-0.373164
-0.288951
0.281191
-0.069524
0.072898
-0.229906
-0.017968
-0.027772
-0.423709
-0.480016
0.104389
0.119555
-0.513345
-0.149713
-0.514252
0.472169
0.209190
0.458794
-0.486844
-0.117109
-0.006946
0.412926
0.322537
0.428430
-0.516856
-0.355329
0.312286
0.063552
-0.045686
-0.344807
0.063519
0.130297
-0.222134
0.379386
-0.295397
-0.012141
-0.270115
-0.022085
0.285261
0.150890
