-0.064511
0.255601
-0.045167
0.352218
0.006068
-0.238542
-0.252680
0.002259
-0.280646
0.512487
-0.075754
0.387088
-0.363168
-0.532212
0.408415
-0.284068
0.422598
0.074277
0.195950
-0.073265
0.127412
0.402378
-0.294763
-0.498541
-0.350247
0.411067
0.270599
-0.119946
0.075403
-0.327764
0.306774
0.054665
-0.243080
-0.461133
-0.475641
-0.492084
0.298471
0.407423
0.355152
0.477633
0.274968
0.134159
0.169391
0.299848
-0.264523
0.029893
0.210825
0.123144
0.053447
-0.175172
-0.409876
-0.084244
-0.494282
0.188312
-0.119740
0.414122
-0.086118
-0.280197
-0.500415
0.430473
0.413613
0.231946
0.044419
0.038019
-0.389659
-0.269497
-0.074112
0.334488
0.289436
0.270261
0.474430
0.087731
0.364375
-0.447166
0.352743
0.169006
-0.294745
0.208595
-0.189838
-0.098594
0.078732
0.283792
-0.150419
0.246701

3213
15041.495458
15217.020759
15223.919272
15224.012583
15223.295774
15223.513987
1345.762666
15223.678410
15041.670217
15216.957155
-0.475907
-0.020286
0.334854
0.243660
-0.243714
-0.170848
-0.178412
0.048885
0.181837
0.053473
-0.237373
0.013963
3963
